203
12 1 13 2
13 1 14 2
16 1 15 2
17 1 17 2
18 1 18 2
20 1 19 2
21 1 20 2
1 2 2 3
3 2 3 3
5 2 4 3
5 3 6 3
4 4 5 5
6 6 7 7
8 8 9 9
3 4 4 5
5 6 6 7
7 8 8 9
13 3 12 4
10 5 11 5
12 6 13 7
14 8 14 9
14 4 15 4
18 4 19 4
16 5 17 5
16 7 17 7
20 3 21 4
22 5 23 5
21 6 20 7
19 8 19 9
28 2 29 3
27 3 28 3
30 2 30 3
32 2 31 3
29 4 28 5
27 6 26 7
25 8 24 9
30 4 29 5
28 6 27 7
26 8 25 9
10 9 11 9
12 9 13 9
20 9 21 9
22 9 23 9
9 10 9 11
9 12 9 13
9 14 9 15
9 16 9 17
10 18 10 19
10 20 10 21
10 22 10 23
10 24 10 25
9 26 9 27
14 18 14 19
14 20 14 21
14 22 14 23
14 24 14 25
15 25 16 25
17 25 18 25
19 25 19 26
15 26 16 26
10 27 11 27
12 27 13 27
14 27 15 27
16 27 17 27
18 27 19 27
13 11 14 11
19 11 20 11
16 15 17 15
15 17 16 17
17 17 18 17
24 10 24 11
24 12 24 13
24 14 24 15
24 16 24 17
20 18 21 19
22 20 23 21
24 22 25 23
26 24 27 25
26 26 26 27
24 18 25 19
26 20 27 21
28 22 29 23
30 24 31 25
32 25 33 25
34 25 35 25
36 25 36 26
32 26 33 26
27 27 28 27
29 27 30 27
31 27 32 27
33 27 34 27
35 27 36 27

57 1 58 1
54 2 55 2
52 3 53 3
50 4 51 4
49 5 50 5
53 4 52 5
49 6 49 7
51 6 51 7
49 8 48 9
47 10 47 11
47 12 47 13
47 14 47 15
54 4 55 5
56 6 57 7
58 8 59 9
60 10 60 11
60 12 60 13
60 14 60 15
49 9 50 9
51 9 52 9
53 9 54 9
55 9 56 9
57 9 58 9
51 10 51 11
52 10 53 10
52 11 53 11
54 10 54 11
55 10 56 10
55 11 56 11
57 10 57 11
48 14 49 14
48 15 49 15
50 14 50 15
53 14 53 15
54 14 55 14
56 14 57 14
58 14 59 14
54 15 55 15
56 15 57 15
58 15 59 15

83 14 84 15
84 14 85 15
86 15 85 16
84 16 84 17
82 16 83 17
81 17 82 17
84 18 85 19
85 18 86 18
83 19 84 19
87 16 88 17
88 18 87 19
89 18 88 19
89 19 90 19
89 13 90 14
91 13 91 14
93 13 92 14
91 15 90 16
89 16 90 17
91 17 92 17
91 18 92 19
96 14 95 15
94 15 95 16
97 15 96 16
98 15 99 15
97 16 96 17
93 17 94 18
96 18 97 18
95 18 94 19
86 20 86 21
86 22 86 23
86 24 86 25
86 26 86 27
90 20 91 20
87 21 88 21
91 22 92 22
88 23 89 23
90 24 91 24
89 25 90 25
90 26 91 26
87 27 88 27
90 27 91 27
93 20 93 21
93 22 93 23
93 24 93 25
93 26 93 27

138 1 139 2
140 3 141 4
145 5 146 5
154 1 153 2
152 3 151 4
141 6 142 6
150 6 151 6
128 7 129 7
130 7 131 7
132 7 133 7
134 7 135 7
136 7 137 7
140 7 141 7
151 7 152 7
155 7 156 7
157 7 158 7
159 7 160 7
161 7 162 7
163 7 164 7
141 8 142 8
150 8 151 8
145 9 146 9
141 10 140 11
139 12 138 13
151 10 152 11
153 12 154 13
