92
12 1 13 2
13 1 14 2
16 1 15 2
17 1 17 2
18 1 18 2
20 1 19 2
21 1 20 2
1 2 2 3
3 2 3 3
5 2 4 3
5 3 6 3
4 4 5 5
6 6 7 7
8 8 9 9
3 4 4 5
5 6 6 7
7 8 8 9
13 3 12 4
10 5 11 5
12 6 13 7
14 8 14 9
14 4 15 4
18 4 19 4
16 5 17 5
16 7 17 7
20 3 21 4
22 5 23 5
21 6 20 7
19 8 19 9
28 2 29 3
27 3 28 3
30 2 30 3
32 2 31 3
29 4 28 5
27 6 26 7
25 8 24 9
30 4 29 5
28 6 27 7
26 8 25 9
10 9 11 9
12 9 13 9
20 9 21 9
22 9 23 9
9 10 9 11
9 12 9 13
9 14 9 15
9 16 9 17
10 18 10 19
10 20 10 21
10 22 10 23
10 24 10 25
9 26 9 27
14 18 14 19
14 20 14 21
14 22 14 23
14 24 14 25
15 25 16 25
17 25 18 25
19 25 19 26
15 26 16 26
10 27 11 27
12 27 13 27
14 27 15 27
16 27 17 27
18 27 19 27
13 11 14 11
19 11 20 11
16 15 17 15
15 17 16 17
17 17 18 17
24 10 24 11
24 12 24 13
24 14 24 15
24 16 24 17
20 18 21 19
22 20 23 21
24 22 25 23
26 24 27 25
26 26 26 27
24 18 25 19
26 20 27 21
28 22 29 23
30 24 31 25
32 25 33 25
34 25 35 25
36 25 36 26
32 26 33 26
27 27 28 27
29 27 30 27
31 27 32 27
33 27 34 27
35 27 36 27
